2361_conf5	112.175	262350	127.925	91.1021	0	91.1021	4	0.6114	0.8121	0.7122
2361_conf5	112.175	2361	112.175	90.8751	0	90.8751	4	0.6808	0.8101	0.8101
2361_conf5	112.175	1057366	255.85	70.747	0	70.747	4	0.238	0.6307	0.2765
2361_conf5	112.175	1332919	224.35	64.4913	0	64.4913	3	0.2371	0.5749	0.2875
2361_conf5	112.175	1344120	224.35	92.0358	0	92.0358	4	0.3764	0.8205	0.4102
2361_conf5	112.175	300073	143.674	65.0481	0	65.0481	3	0.3409	0.5799	0.4527
2361_conf5	112.175	341385	127.925	52.0354	0	52.0354	3	0.2767	0.4639	0.4068
2361_conf5	112.175	88308	154.817	56.8783	0	56.8783	3	0.2707	0.507	0.3674
2361_conf5	112.175	350714	127.925	88.1522	0	88.1522	4	0.5801	0.7858	0.6891
2361_conf5	112.175	625220	139.067	65.3771	0	65.3771	3	0.3517	0.5828	0.4701
2361_conf5	112.175	398455	143.674	53.7628	0	53.7628	2	0.266	0.4793	0.3742
2361_conf5	112.175	398496	143.674	62.1276	0	62.1276	3	0.3207	0.5538	0.4324
2361_conf5	112.175	398497	197.458	67.8128	0	67.8128	3	0.2804	0.6045	0.3434
2361_conf5	112.175	686688	170.566	68.369	0	68.369	3	0.3189	0.6095	0.4008
2361_conf5	112.175	686751	143.674	63.0952	0	63.0952	3	0.3273	0.5625	0.4392
2361_conf5	112.175	1749378	127.925	54.1361	0	54.1361	3	0.2911	0.4826	0.4232
2361_conf5	112.175	180054	154.817	74.8739	0	74.8739	3	0.3897	0.6675	0.4836
2361_conf5	112.175	180149	154.817	65.7694	0	65.7694	3	0.3268	0.5863	0.4248
2361_conf5	112.175	2071070	116.782	51.6547	0	51.6547	3	0.2913	0.4605	0.4423
2361_conf5	112.175	248542	116.782	68.0758	0	68.0758	3	0.4231	0.6069	0.5829
2361_conf5	112.175	514141	255.85	75.6591	0	75.6591	4	0.2588	0.6745	0.2957
2361_conf5	112.175	514142	255.85	67.9107	0	67.9107	3	0.2263	0.6054	0.2654
2361_conf5	112.175	2091423	224.35	68.6085	0	68.6085	3	0.2561	0.6116	0.3058
2361_conf5	112.175	262350	127.925	83.7573	0	83.7573	4	0.5357	0.7467	0.6547
2361_conf5	112.175	2361	112.175	82.6933	0	82.6933	4	0.5838	0.7372	0.7372
2361_conf5	112.175	1057366	255.85	75.0475	0	75.0475	4	0.2562	0.669	0.2933
2361_conf5	112.175	1332919	197.458	62.5356	0	62.5356	3	0.2531	0.5575	0.3167
2361_conf5	112.175	1344120	224.35	75.2819	0	75.2819	3	0.2882	0.6711	0.3356
2361_conf5	112.175	300073	143.674	64.8775	0	64.8775	3	0.3397	0.5784	0.4516
2361_conf5	112.175	341385	127.925	62.3484	0	62.3484	3	0.3508	0.5558	0.4874
2361_conf5	112.175	88308	154.817	48.3208	0	48.3208	3	0.221	0.4308	0.3121
2361_conf5	112.175	350714	154.817	68.811	0	68.811	3	0.3472	0.6134	0.4445
2361_conf5	112.175	625220	139.067	78.7006	0	78.7006	3	0.4561	0.7016	0.5659
2361_conf5	112.175	398455	143.674	64.9684	0	64.9684	3	0.3404	0.5792	0.4522
2361_conf5	112.175	398496	143.674	65.4249	0	65.4249	3	0.3436	0.5832	0.4554
2361_conf5	112.175	398497	197.458	66.3227	0	66.3227	3	0.2726	0.5912	0.3359
2361_conf5	112.175	686688	170.566	87.301	0	87.301	4	0.4467	0.7783	0.5118
2361_conf5	112.175	686751	143.674	68.3033	0	68.3033	3	0.3642	0.6089	0.4754
2361_conf5	112.175	1749378	127.925	54.1843	0	54.1843	3	0.2914	0.483	0.4236
2361_conf5	112.175	180054	154.817	66.3776	0	66.3776	3	0.3309	0.5917	0.4287
2361_conf5	112.175	180149	154.817	64.046	0	64.046	3	0.3156	0.5709	0.4137
2361_conf5	112.175	2071070	116.782	50.1216	0	50.1216	3	0.2803	0.4468	0.4292
2361_conf5	112.175	248542	116.782	65.2546	0	65.2546	3	0.3986	0.5817	0.5588
2361_conf5	112.175	514141	255.85	76.9956	0	76.9956	4	0.2646	0.6864	0.3009
2361_conf5	112.175	514142	255.85	67.7225	0	67.7225	3	0.2255	0.6037	0.2647
2361_conf5	112.175	2091423	224.35	75.8634	0	75.8634	3	0.291	0.6763	0.3381
2361_conf5	112.175	262350	127.925	101.196	0	101.196	5	0.7285	0.9021	0.7911
2361_conf5	112.175	2361	112.175	112.07	0	112.07	5	0.9981	0.9991	0.9991
2361_conf5	112.175	1057366	255.85	75.3407	0	75.3407	4	0.2574	0.6716	0.2945
2361_conf5	112.175	1332919	197.458	58.9612	0	58.9612	3	0.2352	0.5256	0.2986
2361_conf5	112.175	1344120	224.35	93.4556	0	93.4556	4	0.3845	0.8331	0.4166
2361_conf5	112.175	300073	143.674	65.0154	0	65.0154	3	0.3407	0.5796	0.4525
2361_conf5	112.175	341385	127.925	50.8025	0	50.8025	2	0.2684	0.4529	0.3971
2361_conf5	112.175	88308	154.817	53.1783	0	53.1783	3	0.2487	0.4741	0.3435
2361_conf5	112.175	350714	127.925	84.0272	0	84.0272	4	0.5384	0.7491	0.6568
2361_conf5	112.175	625220	139.067	77.5882	0	77.5882	4	0.4468	0.6917	0.5579
2361_conf5	112.175	398455	143.674	53.7476	0	53.7476	2	0.2659	0.4791	0.3741
2361_conf5	112.175	398496	143.674	66.8414	0	66.8414	3	0.3536	0.5959	0.4652
2361_conf5	112.175	398497	197.458	80.1675	0	80.1675	3	0.3494	0.7147	0.406
2361_conf5	112.175	686688	170.566	68.4948	0	68.4948	3	0.3197	0.6106	0.4016
2361_conf5	112.175	686751	143.674	68.0964	0	68.0964	3	0.3627	0.6071	0.474
2361_conf5	112.175	1749378	127.925	49.9836	0	49.9836	3	0.2629	0.4456	0.3907
2361_conf5	112.175	180054	154.817	65.8044	0	65.8044	3	0.3271	0.5866	0.425
2361_conf5	112.175	180149	154.817	64.332	0	64.332	3	0.3174	0.5735	0.4155
2361_conf5	112.175	2071070	116.782	49.405	0	49.405	3	0.2752	0.4404	0.4231
2361_conf5	112.175	248542	116.782	65.4338	0	65.4338	3	0.4001	0.5833	0.5603
2361_conf5	112.175	514141	255.85	67.6734	0	67.6734	3	0.2253	0.6033	0.2645
2361_conf5	112.175	514142	255.85	67.6879	0	67.6879	3	0.2254	0.6034	0.2646
2361_conf5	112.175	2091423	224.35	68.5666	0	68.5666	3	0.2559	0.6112	0.3056
2361_conf5	112.175	262350	127.925	90.4478	0	90.4478	4	0.6044	0.8063	0.707
2361_conf5	112.175	2361	112.175	91.302	0	91.302	4	0.6862	0.8139	0.8139
2361_conf5	112.175	1057366	255.85	74.5597	0	74.5597	4	0.2541	0.6647	0.2914
2361_conf5	112.175	1332919	224.35	58.7276	0	58.7276	3	0.2114	0.5235	0.2618
2361_conf5	112.175	1344120	224.35	83.2593	0	83.2593	4	0.3287	0.7422	0.3711
2361_conf5	112.175	300073	143.674	64.7359	0	64.7359	3	0.3387	0.5771	0.4506
2361_conf5	112.175	341385	127.925	65.5157	0	65.5157	3	0.3753	0.584	0.5121
2361_conf5	112.175	88308	154.817	51.4046	0	51.4046	3	0.2384	0.4583	0.332
2361_conf5	112.175	350714	154.817	88.7131	0	88.7131	4	0.4976	0.7908	0.573
2361_conf5	112.175	625220	139.067	63.1093	0	63.1093	3	0.3355	0.5626	0.4538
2361_conf5	112.175	398455	143.674	62.1376	0	62.1376	3	0.3208	0.5539	0.4325
2361_conf5	112.175	398496	143.674	66.3365	0	66.3365	3	0.35	0.5914	0.4617
2361_conf5	112.175	398497	197.458	38.6745	0	38.6745	4	0.1427	0.3448	0.1959
2361_conf5	112.175	686688	170.566	68.2608	0	68.2608	3	0.3183	0.6085	0.4002
2361_conf5	112.175	686751	143.674	68.0071	0	68.0071	3	0.362	0.6063	0.4733
2361_conf5	112.175	1749378	127.925	53.4852	0	53.4852	3	0.2866	0.4768	0.4181
2361_conf5	112.175	180054	154.817	64.1913	0	64.1913	3	0.3165	0.5722	0.4146
2361_conf5	112.175	180149	154.817	66.1668	0	66.1668	3	0.3295	0.5899	0.4274
2361_conf5	112.175	2071070	116.782	54.9801	0	54.9801	3	0.316	0.4901	0.4708
2361_conf5	112.175	248542	116.782	53.1112	0	53.1112	3	0.302	0.4735	0.4548
2361_conf5	112.175	514141	255.85	74.8943	0	74.8943	3	0.2555	0.6677	0.2927
2361_conf5	112.175	514142	255.85	77.8091	0	77.8091	3	0.2681	0.6936	0.3041
2361_conf5	112.175	2091423	224.35	68.6227	0	68.6227	3	0.2561	0.6117	0.3059
2361_conf5	112.175	262350	127.925	111.863	0	111.863	5	0.8723	0.9972	0.8744
2361_conf5	112.175	2361	112.175	112.175	0	112.175	5	1	1	1
2361_conf5	112.175	1057366	255.85	71.672	0	71.672	4	0.2418	0.6389	0.2801
2361_conf5	112.175	1332919	197.458	55.7186	0	55.7186	3	0.2194	0.4967	0.2822
2361_conf5	112.175	1344120	224.35	78.1697	0	78.1697	3	0.3026	0.6969	0.3484
2361_conf5	112.175	300073	143.674	65.0027	0	65.0027	3	0.3406	0.5795	0.4524
2361_conf5	112.175	341385	127.925	60.7378	0	60.7378	3	0.3386	0.5415	0.4748
2361_conf5	112.175	88308	154.817	48.4465	0	48.4465	3	0.2217	0.4319	0.3129
2361_conf5	112.175	350714	154.817	85.6244	0	85.6244	4	0.4721	0.7633	0.5531
2361_conf5	112.175	625220	139.067	53.8209	0	53.8209	3	0.2726	0.4798	0.387
2361_conf5	112.175	398455	143.674	54.1719	0	54.1719	3	0.2686	0.4829	0.377
2361_conf5	112.175	398496	143.674	65.1524	0	65.1524	3	0.3417	0.5808	0.4535
2361_conf5	112.175	398497	197.458	66.5041	0	66.5041	3	0.2735	0.5929	0.3368
2361_conf5	112.175	686688	170.566	84.7777	0	84.7777	4	0.4282	0.7558	0.497
2361_conf5	112.175	686751	143.674	64.4501	0	64.4501	3	0.3367	0.5745	0.4486
2361_conf5	112.175	1749378	127.925	54.0704	0	54.0704	3	0.2907	0.482	0.4227
2361_conf5	112.175	180054	154.817	76.0813	0	76.0813	3	0.3985	0.6782	0.4914
2361_conf5	112.175	180149	154.817	78.186	0	78.186	3	0.4141	0.697	0.505
2361_conf5	112.175	2071070	116.782	53.2493	0	53.2493	3	0.3031	0.4747	0.456
2361_conf5	112.175	248542	116.782	64.8209	0	64.8209	3	0.3949	0.5779	0.5551
2361_conf5	112.175	514141	255.85	67.9287	0	67.9287	3	0.2264	0.6056	0.2655
2361_conf5	112.175	514142	255.85	67.7416	0	67.7416	3	0.2256	0.6039	0.2648
2361_conf5	112.175	2091423	224.35	68.61	0	68.61	3	0.2561	0.6116	0.3058
